54.7369131423 
41.1375482382 
35.3496135029 
33.6372639549 
31.7911903168 
30.4601328943 
29.1729241976 
28.8886781118 
25.9684473653 
25.0173487462 
23.6265906124 
22.1952286525 
22.0251681335 
20.5824092082 
20.2309297911 
19.4742303013 
19.0258788122 
18.8110439054 
18.3345091205 
17.5960640057 
17.4267390044 
16.9033304138 
16.5758788047 
16.12115454 
15.774647022 
15.5694873826 
15.4987881193 
14.7070826448 
14.4393604316 
14.3535676226 
13.9316945781 
13.8941992896 
13.6430315049 
13.2579698279 
13.2287565553 
13.2264542197 
12.7171002331 
12.4158920745 
12.1422205888 
11.8405520973 
11.5810468165 
11.5316089566 
11.4055555534 
11.0813574599 
10.8457727298 
10.7749753694 
10.5190928984 
10.3889044748 
10.358640261 
10.1180124441 
10.0 
9.91866228811 
9.7587534486 
9.69130699223 
9.55051338612 
9.45282171392 
9.39604705179 
9.23968588114 
9.08879541197 
8.78305194497 
8.57762046227 
8.55689820264 
8.46511671569 
8.25754506079 
8.04501577065 
7.86248527105 
7.80804657299 
7.6420778812 
7.56491103337 
7.39390158379 
7.12318746679 
7.07106781187 
7.05553488002 
6.98028629616 
6.85949371875 
6.67889393573 
6.41164799356 
6.31260129947 
6.12454175472 
6.00760809438 
5.88954300028 
5.87432516192 
5.6709443326 
5.35859323487 
5.32499337923 
5.04807965469 
5.0 
4.92654016936 
4.71512310944 
4.62644320888 
4.55936182158 
4.2787930506 
4.22637073923 
4.19373803485 
3.93211215722 
3.73284660561 
3.25307074977 
3.10213398386 
2.136121171 
1.9171602203 
