0.014781 0.025994 0.001529 0.023955 0.032110 0.019878 0.000510 0.003568 0.043323 0.014781 0.008665 0.003568 0.007645 0.017839 0.011723 0.012742 0.002548 0.000510 0.015800 0.064730 0.007645 0.021916 0.013761 0.031091 0.006626 0.043323 0.441896 0.000510 0.025994 0.009684 0.003568 0.000510 0.016820 0.003568 0.007645 0.032110 0.000510 0.000510 0.000510 0.005607 
0.003235 0.013164 0.013314 0.000978 0.016173 0.016173 0.005190 0.014518 0.000075 0.003535 0.011208 0.004288 0.033624 0.000527 0.010606 0.032120 0.001429 0.000376 0.009403 0.031668 0.000075 0.011359 0.062359 0.005491 0.001429 0.021890 0.545584 0.020836 0.034677 0.001429 0.000075 0.007146 0.019332 0.011058 0.003235 0.002332 0.005341 0.007748 0.007297 0.009704 
0.015089 0.010953 0.002681 0.011719 0.005591 0.033318 0.000230 0.006204 0.011259 0.002374 0.012791 0.000077 0.014476 0.000383 0.009268 0.019991 0.016621 0.008808 0.018612 0.047411 0.000230 0.009421 0.000689 0.006204 0.004213 0.028263 0.546492 0.014170 0.030101 0.000077 0.018612 0.010187 0.010340 0.002221 0.017387 0.010646 0.026731 0.010646 0.003906 0.001608 
0.009416 0.017966 0.009009 0.002189 0.000662 0.034558 0.000865 0.003817 0.008601 0.005242 0.001476 0.000763 0.016846 0.002697 0.008398 0.030894 0.000865 0.013793 0.007278 0.031199 0.005140 0.016236 0.000458 0.000051 0.005548 0.024684 0.600316 0.021224 0.021427 0.011961 0.007787 0.003105 0.025295 0.025601 0.005649 0.001476 0.000356 0.011248 0.005649 0.000254 
0.006358 0.004790 0.000261 0.000087 0.010364 0.023428 0.000261 0.009841 0.008622 0.001829 0.004442 0.005487 0.028654 0.016809 0.003397 0.028131 0.003571 0.011235 0.005138 0.029176 0.000087 0.009319 0.000261 0.003919 0.003222 0.028828 0.613395 0.014545 0.027434 0.017680 0.015415 0.010712 0.009145 0.000958 0.007925 0.001132 0.010364 0.016286 0.007055 0.000435 
0.004988 0.010800 0.009347 0.004213 0.004795 0.025232 0.007991 0.007022 0.008572 0.000533 0.004988 0.001889 0.024167 0.006538 0.006732 0.026201 0.000048 0.005473 0.005763 0.031141 0.020874 0.012059 0.005376 0.001114 0.008088 0.019324 0.617445 0.015449 0.025426 0.004117 0.000823 0.004213 0.016321 0.000048 0.008960 0.004892 0.008282 0.011575 0.010703 0.008475 
0.002161 0.014382 0.002757 0.006483 0.001565 0.033458 0.000224 0.015574 0.006334 0.007973 0.013636 0.001714 0.011699 0.014680 0.017809 0.028689 0.012444 0.000075 0.000969 0.028539 0.011997 0.020045 0.000969 0.005887 0.009911 0.020641 0.565499 0.013338 0.021833 0.017809 0.002459 0.005440 0.017958 0.021088 0.004098 0.000671 0.000373 0.007228 0.011550 0.020045 
0.003240 0.009520 0.013507 0.000249 0.015201 0.033044 0.005233 0.002442 0.005532 0.005732 0.000050 0.003738 0.020983 0.006828 0.014803 0.026565 0.000648 0.016697 0.005333 0.019986 0.006529 0.013806 0.000748 0.001645 0.011314 0.024073 0.591457 0.015102 0.011413 0.016398 0.000050 0.008822 0.024870 0.014703 0.013706 0.007725 0.009320 0.010317 0.008124 0.000548 
0.000057 0.019458 0.007175 0.005682 0.002009 0.037711 0.002468 0.009012 0.008552 0.000057 0.012111 0.012570 0.011422 0.007634 0.000287 0.037022 0.004534 0.004075 0.009356 0.024280 0.015440 0.010504 0.000287 0.007749 0.012226 0.038055 0.577833 0.014177 0.012111 0.015555 0.006601 0.001779 0.021065 0.015899 0.004075 0.004534 0.012226 0.005453 0.007864 0.001091 
0.029384 0.007783 0.001853 0.005136 0.002065 0.022395 0.009371 0.000159 0.028854 0.032243 0.001641 0.000794 0.020066 0.003865 0.000053 0.020172 0.001535 0.000476 0.011701 0.017948 0.000582 0.003124 0.000053 0.000582 0.016783 0.028643 0.659837 0.014454 0.001959 0.014560 0.002488 0.000371 0.025148 0.004924 0.001324 0.001959 0.002065 0.000053 0.000053 0.003547 
0.007596 0.010485 0.000047 0.001072 0.008248 0.022693 0.007782 0.005638 0.008714 0.011789 0.000047 0.000792 0.010019 0.017847 0.003774 0.028565 0.003308 0.004613 0.007875 0.026887 0.002283 0.012721 0.000140 0.001072 0.031174 0.025676 0.620736 0.022693 0.008621 0.018220 0.012349 0.000140 0.016449 0.004893 0.008993 0.007968 0.002377 0.000979 0.003868 0.010857 
0.002065 0.010963 0.015412 0.001748 0.003019 0.028440 0.003337 0.000159 0.014458 0.008103 0.000159 0.000159 0.000159 0.000794 0.000794 0.029075 0.000477 0.001430 0.000159 0.011916 0.003337 0.012552 0.002383 0.003019 0.033842 0.047188 0.598507 0.018589 0.008103 0.009374 0.001430 0.013505 0.005243 0.001748 0.012552 0.010327 0.003654 0.075151 0.006196 0.000477 
