0.017839 0.033129 0.006626 0.011723 0.020897 0.022936 0.001529 0.005607 0.056575 0.016820 0.011723 0.018858 0.013761 0.005607 0.003568 0.001529 0.000510 0.000510 0.001529 0.049439 0.011723 0.025994 0.000510 0.011723 0.000510 0.058614 0.004587 0.000510 0.025994 0.027013 0.004587 0.002548 0.024975 0.000510 0.021916 0.033129 0.004587 0.014781 0.008665 0.416412 
0.003987 0.024297 0.010757 0.004438 0.008049 0.014969 0.003686 0.019633 0.000527 0.000226 0.006996 0.000376 0.026403 0.000376 0.008651 0.019482 0.000677 0.008651 0.006544 0.034226 0.000075 0.010757 0.069430 0.004589 0.001429 0.020836 0.000677 0.017677 0.027456 0.011659 0.001429 0.007597 0.025651 0.009252 0.009252 0.000978 0.005190 0.008350 0.001429 0.563337 
0.012178 0.019072 0.004366 0.018459 0.004825 0.035156 0.002528 0.001915 0.001149 0.003906 0.013557 0.000230 0.014170 0.002221 0.010493 0.001608 0.012638 0.004213 0.007736 0.044041 0.000230 0.005591 0.000077 0.001455 0.003447 0.030407 0.001149 0.021369 0.037914 0.010493 0.018306 0.008349 0.008808 0.013863 0.019072 0.018612 0.029335 0.004825 0.000230 0.552007 
0.013284 0.027127 0.005242 0.000560 0.000153 0.035576 0.000967 0.007889 0.000662 0.001680 0.000051 0.005344 0.013895 0.007482 0.003308 0.011044 0.005955 0.012469 0.006362 0.035067 0.008296 0.012877 0.000153 0.000458 0.006566 0.021224 0.002087 0.023361 0.017355 0.017661 0.007176 0.006260 0.030894 0.029367 0.019391 0.000051 0.000153 0.006566 0.003817 0.592172 
0.008448 0.014370 0.001481 0.000087 0.004442 0.027086 0.004790 0.006009 0.008448 0.002003 0.000958 0.007229 0.027608 0.026389 0.001655 0.003222 0.005487 0.015590 0.000087 0.026738 0.003397 0.011758 0.000958 0.009667 0.004790 0.024821 0.000087 0.021338 0.021338 0.032137 0.011061 0.003919 0.013848 0.000435 0.008971 0.002352 0.006009 0.011061 0.005835 0.614092 
0.006829 0.017677 0.007410 0.011866 0.000145 0.027751 0.001501 0.001792 0.003632 0.000823 0.006926 0.000339 0.019808 0.012253 0.012350 0.002664 0.008863 0.006635 0.001889 0.030657 0.017871 0.015449 0.004892 0.001404 0.007604 0.017677 0.009638 0.021358 0.025329 0.013222 0.000339 0.003923 0.021261 0.001598 0.010413 0.006054 0.008960 0.012253 0.009153 0.609793 
0.001863 0.023323 0.001267 0.008867 0.000820 0.037183 0.000969 0.010954 0.001267 0.004247 0.004098 0.000671 0.014531 0.017511 0.019598 0.009613 0.014531 0.000820 0.000224 0.032265 0.006334 0.016170 0.000671 0.010656 0.000224 0.016468 0.019001 0.017660 0.016766 0.022429 0.012146 0.007526 0.022578 0.019598 0.008271 0.002906 0.001863 0.001416 0.004844 0.587854 
0.006828 0.017693 0.006031 0.008622 0.009520 0.032047 0.006828 0.002542 0.007426 0.008523 0.000249 0.009918 0.017693 0.016398 0.011713 0.010317 0.010716 0.014404 0.000050 0.020584 0.009918 0.007227 0.001645 0.003140 0.012012 0.018291 0.000150 0.021980 0.004735 0.024073 0.000150 0.002343 0.027063 0.017992 0.018092 0.011613 0.000449 0.012610 0.000150 0.588268 
0.005453 0.029216 0.004764 0.017047 0.003501 0.038400 0.000172 0.014866 0.004534 0.000172 0.015785 0.000861 0.007978 0.000746 0.000057 0.017736 0.006601 0.008323 0.004420 0.030020 0.013259 0.009700 0.000172 0.000631 0.012570 0.027724 0.000057 0.018081 0.016818 0.018884 0.013489 0.008438 0.019688 0.019803 0.007634 0.003272 0.011193 0.007634 0.002009 0.578292 
0.026419 0.014242 0.000053 0.016571 0.009371 0.025360 0.003335 0.003124 0.026525 0.029490 0.006406 0.000371 0.018901 0.000053 0.000582 0.000159 0.008630 0.003547 0.002382 0.017418 0.000159 0.000053 0.000053 0.001006 0.019536 0.029596 0.001429 0.014136 0.000265 0.021548 0.004606 0.002171 0.025678 0.000900 0.006194 0.008947 0.005665 0.000371 0.000053 0.644695 
0.012815 0.022693 0.000140 0.000047 0.000140 0.023346 0.003308 0.003308 0.009832 0.006757 0.001258 0.002656 0.008807 0.018313 0.003681 0.013281 0.013653 0.011323 0.006850 0.026887 0.000047 0.009366 0.000047 0.001817 0.033225 0.019711 0.000047 0.025955 0.002563 0.024837 0.012721 0.004893 0.016449 0.008900 0.014678 0.011044 0.000419 0.006477 0.008434 0.609273 
0.001430 0.023673 0.001430 0.000159 0.000159 0.029711 0.000794 0.001430 0.007150 0.005561 0.000794 0.007785 0.004608 0.006196 0.001112 0.019860 0.007150 0.033524 0.002701 0.009692 0.002383 0.014458 0.003019 0.000794 0.032571 0.046552 0.000159 0.020178 0.007785 0.017636 0.000159 0.016683 0.003337 0.000794 0.013823 0.012234 0.000159 0.051636 0.004290 0.586432 
