0.000083 0.039433 0.009100 0.000035 0.001050 0.004096 0.003883 0.004568 0.000035 0.032753 0.004166 0.002986 0.010729 0.000106 0.169381 0.000012 0.000059 0.000248 0.000649 0.004214 0.000035 0.295128 0.008699 0.000531 0.000980 0.001688 0.002679 0.064242 0.004072 0.000389 0.020549 0.000012 0.000106 0.002396 0.008368 0.004497 0.000413 0.000130 0.293664 0.003836 
0.004549 0.017603 0.000356 0.000593 0.002017 0.000277 0.000040 0.001701 0.011907 0.016891 0.002176 0.020847 0.007555 0.000277 0.121796 0.002729 0.000672 0.000040 0.000831 0.000040 0.000119 0.000198 0.018948 0.000040 0.002650 0.001384 0.000198 0.472587 0.000040 0.000040 0.022983 0.001622 0.000593 0.009454 0.000672 0.019818 0.000910 0.000593 0.225040 0.009217 
0.000164 0.028145 0.000273 0.000055 0.000055 0.002350 0.002131 0.000055 0.001038 0.032517 0.002459 0.000710 0.012843 0.000055 0.193628 0.000055 0.000055 0.000601 0.000164 0.001476 0.000164 0.000055 0.003990 0.000055 0.000710 0.001694 0.000273 0.000055 0.000164 0.000710 0.379222 0.001694 0.000055 0.001148 0.008689 0.006503 0.000055 0.000710 0.309815 0.005410 
0.000083 0.461686 0.001745 0.000083 0.000083 0.000914 0.000083 0.000416 0.000914 0.032829 0.000249 0.013049 0.018035 0.000083 0.112450 0.000748 0.000083 0.000083 0.000083 0.000249 0.000083 0.000083 0.001745 0.000083 0.000582 0.000249 0.000249 0.000748 0.000582 0.000249 0.000083 0.000416 0.001413 0.000083 0.001912 0.008394 0.000249 0.000083 0.315243 0.023521 
0.000283 0.002168 0.000283 0.001791 0.000094 0.000094 0.001037 0.000094 0.000094 0.000094 0.000094 0.807032 0.002734 0.000471 0.044212 0.000848 0.000094 0.001037 0.000094 0.000094 0.000094 0.000094 0.010464 0.000471 0.000094 0.000094 0.000471 0.003865 0.000471 0.003111 0.000660 0.001980 0.007447 0.000848 0.000094 0.004996 0.000094 0.000094 0.066648 0.035162 
0.000408 0.000082 0.000898 0.000408 0.000898 0.000082 0.002530 0.000082 0.000082 0.456749 0.000571 0.000082 0.017872 0.000082 0.184838 0.000408 0.000082 0.001877 0.000082 0.000082 0.000245 0.000245 0.001551 0.001387 0.004652 0.000734 0.000082 0.001061 0.000245 0.000082 0.000245 0.000082 0.000082 0.001714 0.036315 0.007426 0.002203 0.000245 0.270034 0.003183 
0.000168 0.000168 0.000168 0.000505 0.000168 0.000841 0.000168 0.000168 0.000168 0.000168 0.000841 0.002860 0.011608 0.000168 0.056023 0.000168 0.000168 0.000168 0.000168 0.000168 0.000168 0.000168 0.022039 0.000505 0.001514 0.000168 0.000168 0.003869 0.000168 0.000168 0.000168 0.001851 0.002860 0.000841 0.002860 0.003197 0.000505 0.000168 0.130047 0.753533 
0.000185 0.000185 0.000185 0.000555 0.000185 0.002034 0.000555 0.000185 0.000555 0.000185 0.000185 0.003143 0.046043 0.000185 0.039756 0.000185 0.000185 0.000185 0.000185 0.000555 0.000555 0.000555 0.012759 0.000185 0.000925 0.000185 0.003883 0.640348 0.000555 0.000185 0.000555 0.010910 0.002034 0.000185 0.000185 0.000925 0.000185 0.000555 0.228735 0.000185 
0.000157 0.000157 0.000157 0.000157 0.000471 0.001412 0.000157 0.000157 0.000471 0.000157 0.001099 0.000157 0.488230 0.000785 0.031858 0.002354 0.000157 0.000785 0.000157 0.000471 0.000157 0.000157 0.003610 0.000471 0.001099 0.000157 0.000157 0.000157 0.000471 0.001099 0.000157 0.001099 0.000157 0.000157 0.002982 0.022442 0.000157 0.001099 0.434557 0.000157 
0.000144 0.000718 0.000718 0.000144 0.001005 0.000718 0.000431 0.000144 0.001005 0.001292 0.004739 0.000144 0.000144 0.000431 0.270103 0.000144 0.000144 0.001005 0.000144 0.000144 0.001005 0.000144 0.000431 0.001292 0.000144 0.000144 0.000144 0.001005 0.000144 0.002154 0.000144 0.000144 0.001292 0.000144 0.373205 0.002441 0.000144 0.000431 0.330988 0.001005 
0.000210 0.000210 0.007757 0.003564 0.000210 0.005660 0.002306 0.018658 0.007757 0.003145 0.001468 0.001048 0.000629 0.001048 0.114675 0.001048 0.003564 0.001887 0.000210 0.000210 0.001048 0.000210 0.000210 0.000210 0.003983 0.021174 0.000210 0.000629 0.000629 0.000629 0.000629 0.000210 0.000210 0.000210 0.001048 0.009853 0.003564 0.000629 0.779245 0.000210 
0.000341 0.000341 0.000341 0.000341 0.001023 0.000341 0.000341 0.000341 0.001023 0.000341 0.000341 0.002387 0.000341 0.000341 0.021487 0.001705 0.000341 0.000341 0.001023 0.000341 0.001705 0.000341 0.020805 0.001705 0.001023 0.001023 0.000341 0.000341 0.001023 0.001023 0.000341 0.002387 0.000341 0.003070 0.002387 0.689291 0.000341 0.000341 0.237722 0.001023 
0.001992 0.001423 0.015652 0.003130 0.000854 0.000285 0.003699 0.001423 0.000285 0.000285 0.000854 0.001992 0.000285 0.000285 0.179567 0.000285 0.349175 0.000854 0.000285 0.002561 0.007114 0.000285 0.025327 0.000854 0.000854 0.000285 0.000285 0.005407 0.000285 0.003130 0.000285 0.000854 0.000285 0.022482 0.000285 0.003699 0.000854 0.001423 0.359989 0.000854 
0.000774 0.000258 0.010578 0.000258 0.007998 0.000258 0.000258 0.000774 0.000774 0.000258 0.458978 0.000258 0.000258 0.000258 0.247420 0.001806 0.000774 0.000258 0.000258 0.000258 0.000258 0.000258 0.000258 0.000774 0.001290 0.000258 0.000258 0.000258 0.000258 0.000774 0.000258 0.000258 0.000258 0.000258 0.004386 0.000258 0.000258 0.000258 0.256192 0.000258 
0.000358 0.004659 0.000358 0.001792 0.000358 0.000358 0.000358 0.000358 0.000358 0.000358 0.000358 0.003226 0.000358 0.000358 0.002509 0.000358 0.000358 0.000358 0.000358 0.001075 0.000358 0.000358 0.013978 0.000358 0.000358 0.001075 0.000358 0.000358 0.003943 0.002509 0.000358 0.000358 0.945161 0.000358 0.000358 0.000358 0.000358 0.000358 0.009677 0.000358 
0.000432 0.009067 0.003886 0.001295 0.000432 0.587651 0.001295 0.000432 0.003886 0.002159 0.001295 0.002159 0.002159 0.000432 0.057427 0.000432 0.000432 0.000432 0.000432 0.003022 0.000432 0.001295 0.010794 0.000432 0.001295 0.001295 0.000432 0.000432 0.000432 0.002159 0.000432 0.002159 0.000432 0.000432 0.001295 0.002159 0.000432 0.003022 0.286269 0.005613 
0.000402 0.000402 0.514871 0.000402 0.000402 0.000402 0.006833 0.000402 0.008441 0.000402 0.002814 0.002010 0.000402 0.000402 0.197347 0.003617 0.000402 0.000402 0.000402 0.000402 0.000402 0.000402 0.000402 0.001206 0.002814 0.000402 0.000402 0.001206 0.000402 0.000402 0.000402 0.001206 0.000402 0.002010 0.000402 0.000402 0.001206 0.000402 0.239148 0.005225 
0.000645 0.008387 0.004516 0.009677 0.001935 0.010968 0.001935 0.005806 0.000645 0.000645 0.000645 0.003226 0.000645 0.000645 0.120645 0.005806 0.000645 0.004516 0.000645 0.000645 0.007097 0.000645 0.017419 0.007097 0.000645 0.000645 0.000645 0.001935 0.000645 0.000645 0.351613 0.014839 0.001935 0.001935 0.005806 0.000645 0.000645 0.000645 0.400645 0.000645 
0.000341 0.000341 0.000341 0.000341 0.000341 0.000341 0.003749 0.000341 0.002386 0.000341 0.000341 0.000341 0.000341 0.000341 0.005794 0.000341 0.000341 0.000341 0.000341 0.001022 0.000341 0.000341 0.851738 0.001022 0.000341 0.000341 0.000341 0.000341 0.000341 0.001022 0.002386 0.000341 0.001704 0.003067 0.000341 0.000341 0.000341 0.001022 0.111452 0.004431 
0.000597 0.000597 0.000597 0.016110 0.002983 0.000597 0.000597 0.069809 0.000597 0.006563 0.000597 0.000597 0.001790 0.002983 0.107995 0.000597 0.001790 0.001790 0.000597 0.004177 0.001790 0.000597 0.004177 0.000597 0.002983 0.006563 0.000597 0.001790 0.000597 0.010143 0.001790 0.017303 0.000597 0.000597 0.000597 0.001790 0.000597 0.006563 0.715394 0.002983 
0.001586 0.000529 0.000529 0.000529 0.000529 0.001586 0.000529 0.000529 0.002643 0.000529 0.000529 0.001586 0.001586 0.006871 0.010042 0.000529 0.000529 0.000529 0.000529 0.000529 0.002643 0.000529 0.007928 0.002643 0.003700 0.001586 0.001586 0.000529 0.000529 0.000529 0.000529 0.746829 0.001586 0.000529 0.000529 0.001586 0.001586 0.003700 0.186575 0.001586 
0.000476 0.013810 0.000476 0.000476 0.000476 0.000476 0.000476 0.004286 0.347143 0.000476 0.000476 0.001429 0.000476 0.006190 0.194762 0.000476 0.000476 0.000476 0.000476 0.004286 0.002381 0.004286 0.009048 0.000476 0.001429 0.009048 0.004286 0.001429 0.007143 0.001429 0.002381 0.000476 0.002381 0.000476 0.003333 0.001429 0.001429 0.000476 0.366190 0.002381 
0.000361 0.000361 0.001084 0.001084 0.003974 0.000361 0.001084 0.001084 0.000361 0.000361 0.000361 0.001084 0.000361 0.001806 0.128974 0.000361 0.000361 0.001806 0.001084 0.000361 0.000361 0.000361 0.000361 0.000361 0.001084 0.000361 0.000361 0.000361 0.000361 0.707731 0.000361 0.001084 0.000361 0.000361 0.000361 0.000361 0.001084 0.001806 0.134754 0.001084 
0.000762 0.000762 0.003811 0.000762 0.000762 0.000762 0.000762 0.000762 0.000762 0.006860 0.003811 0.003811 0.000762 0.000762 0.063262 0.000762 0.002287 0.000762 0.000762 0.011433 0.002287 0.000762 0.022104 0.000762 0.000762 0.000762 0.006860 0.009909 0.003811 0.012957 0.000762 0.000762 0.000762 0.647104 0.000762 0.002287 0.000762 0.000762 0.179116 0.000762 
0.004296 0.000859 0.435567 0.006014 0.014605 0.002577 0.009450 0.000859 0.000859 0.000859 0.004296 0.000859 0.000859 0.028351 0.196735 0.000859 0.033505 0.000859 0.002577 0.000859 0.000859 0.000859 0.002577 0.000859 0.000859 0.000859 0.002577 0.012887 0.002577 0.000859 0.000859 0.000859 0.011168 0.000859 0.000859 0.000859 0.012887 0.000859 0.196735 0.002577 
0.001636 0.003817 0.002726 0.000545 0.429117 0.000545 0.000545 0.001636 0.001636 0.001636 0.000545 0.003817 0.000545 0.000545 0.400763 0.003817 0.000545 0.000545 0.001636 0.000545 0.000545 0.001636 0.007088 0.000545 0.008179 0.001636 0.000545 0.002726 0.000545 0.000545 0.000545 0.002726 0.001636 0.001636 0.009269 0.001636 0.001636 0.002726 0.094329 0.002726 
0.007719 0.000858 0.347341 0.000858 0.000858 0.000858 0.000858 0.007719 0.000858 0.002573 0.011149 0.000858 0.000858 0.000858 0.251286 0.000858 0.000858 0.011149 0.000858 0.000858 0.009434 0.000858 0.002573 0.006003 0.002573 0.000858 0.009434 0.000858 0.016295 0.006003 0.002573 0.000858 0.014580 0.000858 0.000858 0.000858 0.002573 0.000858 0.268439 0.002573 
0.008029 0.000730 0.000730 0.000730 0.000730 0.000730 0.635766 0.000730 0.000730 0.000730 0.002190 0.008029 0.003650 0.000730 0.105839 0.002190 0.000730 0.003650 0.000730 0.003650 0.000730 0.000730 0.013869 0.000730 0.000730 0.000730 0.000730 0.002190 0.000730 0.002190 0.005109 0.003650 0.002190 0.000730 0.000730 0.000730 0.002190 0.000730 0.178832 0.000730 
0.006637 0.002212 0.002212 0.002212 0.024336 0.006637 0.002212 0.002212 0.019912 0.002212 0.006637 0.002212 0.002212 0.002212 0.205752 0.006637 0.015487 0.006637 0.002212 0.002212 0.006637 0.006637 0.002212 0.006637 0.024336 0.002212 0.002212 0.002212 0.002212 0.002212 0.024336 0.011062 0.236726 0.002212 0.002212 0.006637 0.002212 0.002212 0.329646 0.002212 
0.002396 0.740415 0.000799 0.002396 0.000799 0.000799 0.000799 0.000799 0.000799 0.000799 0.000799 0.013578 0.000799 0.002396 0.085463 0.007188 0.000799 0.003994 0.000799 0.002396 0.000799 0.000799 0.002396 0.000799 0.000799 0.000799 0.000799 0.000799 0.000799 0.000799 0.003994 0.002396 0.000799 0.000799 0.000799 0.000799 0.000799 0.003994 0.106230 0.000799 
0.015625 0.002232 0.006696 0.006696 0.006696 0.002232 0.002232 0.006696 0.002232 0.002232 0.002232 0.002232 0.011161 0.002232 0.051339 0.006696 0.002232 0.011161 0.002232 0.087054 0.011161 0.002232 0.006696 0.002232 0.002232 0.011161 0.002232 0.002232 0.002232 0.002232 0.002232 0.002232 0.002232 0.002232 0.011161 0.002232 0.002232 0.006696 0.685268 0.006696 
0.000826 0.000826 0.000826 0.000826 0.002479 0.000826 0.002479 0.000826 0.000826 0.000826 0.000826 0.002479 0.000826 0.000826 0.042149 0.392562 0.004132 0.000826 0.000826 0.000826 0.000826 0.000826 0.004132 0.000826 0.004132 0.000826 0.000826 0.212397 0.000826 0.000826 0.000826 0.002479 0.000826 0.000826 0.002479 0.020661 0.000826 0.004132 0.281818 0.000826 
0.001073 0.001073 0.001073 0.005365 0.001073 0.001073 0.003219 0.001073 0.387339 0.001073 0.003219 0.001073 0.003219 0.001073 0.001073 0.001073 0.001073 0.001073 0.001073 0.001073 0.001073 0.009657 0.003219 0.001073 0.001073 0.003219 0.001073 0.222103 0.001073 0.001073 0.001073 0.003219 0.001073 0.001073 0.001073 0.003219 0.001073 0.001073 0.322961 0.001073 
0.000810 0.002431 0.002431 0.000810 0.005673 0.000810 0.000810 0.008914 0.000810 0.004052 0.000810 0.000810 0.000810 0.002431 0.089951 0.000810 0.002431 0.002431 0.000810 0.005673 0.000810 0.013776 0.083468 0.000810 0.004052 0.490276 0.000810 0.000810 0.005673 0.000810 0.000810 0.002431 0.000810 0.000810 0.000810 0.000810 0.000810 0.005673 0.250405 0.000810 
0.009485 0.001355 0.001355 0.001355 0.518970 0.001355 0.001355 0.017615 0.004065 0.001355 0.004065 0.001355 0.006775 0.020325 0.107046 0.001355 0.014905 0.001355 0.004065 0.001355 0.006775 0.001355 0.012195 0.001355 0.001355 0.004065 0.004065 0.004065 0.001355 0.009485 0.004065 0.004065 0.001355 0.001355 0.001355 0.001355 0.001355 0.001355 0.215447 0.001355 
0.002809 0.002809 0.002809 0.862360 0.002809 0.002809 0.002809 0.002809 0.002809 0.002809 0.002809 0.008427 0.002809 0.002809 0.002809 0.002809 0.002809 0.002809 0.002809 0.002809 0.002809 0.002809 0.002809 0.002809 0.002809 0.002809 0.002809 0.002809 0.002809 0.002809 0.002809 0.002809 0.002809 0.002809 0.002809 0.002809 0.002809 0.002809 0.025281 0.002809 
0.001553 0.001553 0.010870 0.001553 0.010870 0.001553 0.013975 0.004658 0.004658 0.007764 0.001553 0.001553 0.001553 0.001553 0.082298 0.001553 0.004658 0.001553 0.007764 0.001553 0.007764 0.001553 0.010870 0.001553 0.010870 0.001553 0.355590 0.004658 0.001553 0.007764 0.001553 0.001553 0.004658 0.004658 0.001553 0.001553 0.007764 0.007764 0.399068 0.001553 
0.000814 0.000814 0.000814 0.002443 0.000814 0.000814 0.002443 0.000814 0.002443 0.069218 0.000814 0.000814 0.000814 0.000814 0.411238 0.000814 0.005700 0.000814 0.000814 0.008958 0.000814 0.000814 0.000814 0.002443 0.017101 0.010586 0.000814 0.000814 0.000814 0.000814 0.000814 0.000814 0.002443 0.000814 0.346091 0.002443 0.000814 0.002443 0.093648 0.000814 
0.001171 0.003513 0.001171 0.003513 0.373536 0.001171 0.001171 0.001171 0.003513 0.005855 0.003513 0.001171 0.001171 0.001171 0.162763 0.003513 0.001171 0.001171 0.001171 0.003513 0.001171 0.001171 0.005855 0.001171 0.001171 0.001171 0.001171 0.001171 0.001171 0.001171 0.001171 0.003513 0.001171 0.001171 0.001171 0.001171 0.010539 0.003513 0.382904 0.001171 
0.000822 0.000822 0.000822 0.000822 0.002467 0.000822 0.000822 0.005757 0.000822 0.005757 0.000822 0.000822 0.004112 0.004112 0.152138 0.000822 0.000822 0.000822 0.002467 0.000822 0.002467 0.000822 0.000822 0.000822 0.729441 0.002467 0.000822 0.000822 0.000822 0.000822 0.000822 0.000822 0.000822 0.000822 0.000822 0.000822 0.000822 0.010691 0.055099 0.000822 
0.005837 0.001946 0.001946 0.001946 0.383268 0.009728 0.005837 0.001946 0.001946 0.001946 0.001946 0.005837 0.005837 0.021401 0.165370 0.001946 0.009728 0.005837 0.001946 0.001946 0.040856 0.001946 0.044747 0.001946 0.001946 0.017510 0.001946 0.001946 0.001946 0.001946 0.001946 0.001946 0.005837 0.001946 0.005837 0.005837 0.001946 0.001946 0.212062 0.005837 
0.001429 0.718571 0.001429 0.001429 0.001429 0.001429 0.001429 0.001429 0.004286 0.001429 0.004286 0.001429 0.004286 0.001429 0.081429 0.001429 0.001429 0.004286 0.001429 0.024286 0.007143 0.004286 0.027143 0.001429 0.001429 0.004286 0.001429 0.001429 0.012857 0.001429 0.004286 0.004286 0.010000 0.010000 0.001429 0.015714 0.001429 0.001429 0.024286 0.004286 
0.001805 0.005415 0.012635 0.001805 0.001805 0.005415 0.001805 0.001805 0.001805 0.001805 0.001805 0.009025 0.001805 0.554152 0.135379 0.001805 0.001805 0.001805 0.001805 0.005415 0.001805 0.001805 0.113718 0.001805 0.009025 0.001805 0.001805 0.023466 0.045126 0.001805 0.001805 0.009025 0.005415 0.001805 0.012635 0.001805 0.001805 0.001805 0.009025 0.001805 
0.001160 0.019722 0.001160 0.001160 0.001160 0.001160 0.003480 0.001160 0.001160 0.003480 0.010441 0.001160 0.001160 0.001160 0.265661 0.001160 0.003480 0.372390 0.001160 0.005800 0.001160 0.001160 0.026682 0.001160 0.001160 0.001160 0.001160 0.001160 0.001160 0.005800 0.001160 0.001160 0.010441 0.001160 0.001160 0.005800 0.001160 0.001160 0.214617 0.022042 
0.000832 0.000832 0.002496 0.000832 0.000832 0.000832 0.000832 0.002496 0.000832 0.000832 0.000832 0.009151 0.004160 0.000832 0.035774 0.000832 0.000832 0.002496 0.000832 0.000832 0.000832 0.000832 0.821131 0.002496 0.002496 0.000832 0.000832 0.005824 0.000832 0.002496 0.000832 0.000832 0.002496 0.000832 0.000832 0.000832 0.000832 0.000832 0.084027 0.000832 
0.001205 0.049398 0.001205 0.001205 0.001205 0.001205 0.003614 0.006024 0.001205 0.001205 0.001205 0.013253 0.001205 0.003614 0.112048 0.001205 0.001205 0.003614 0.001205 0.584337 0.001205 0.001205 0.034940 0.001205 0.001205 0.001205 0.001205 0.001205 0.001205 0.001205 0.001205 0.001205 0.015663 0.001205 0.001205 0.001205 0.001205 0.003614 0.136145 0.001205 
0.001613 0.001613 0.001613 0.001613 0.001613 0.004839 0.001613 0.014516 0.001613 0.001613 0.001613 0.001613 0.001613 0.024194 0.046774 0.001613 0.446774 0.001613 0.008065 0.001613 0.004839 0.004839 0.037097 0.001613 0.011290 0.001613 0.001613 0.004839 0.001613 0.004839 0.001613 0.004839 0.001613 0.001613 0.001613 0.001613 0.008065 0.008065 0.327419 0.001613 
0.002778 0.000926 0.006481 0.008333 0.002778 0.000926 0.002778 0.006481 0.000926 0.000926 0.002778 0.000926 0.000926 0.008333 0.191667 0.000926 0.000926 0.000926 0.000926 0.036111 0.000926 0.000926 0.019444 0.002778 0.000926 0.000926 0.000926 0.000926 0.530556 0.002778 0.000926 0.002778 0.002778 0.000926 0.000926 0.000926 0.000926 0.049074 0.099074 0.002778 
0.010638 0.003546 0.010638 0.010638 0.003546 0.003546 0.003546 0.003546 0.003546 0.003546 0.003546 0.003546 0.003546 0.003546 0.003546 0.003546 0.003546 0.003546 0.003546 0.003546 0.003546 0.010638 0.074468 0.010638 0.010638 0.003546 0.024823 0.003546 0.003546 0.046099 0.003546 0.003546 0.365248 0.010638 0.024823 0.003546 0.003546 0.003546 0.251773 0.046099 
0.005068 0.011824 0.005068 0.001689 0.001689 0.001689 0.001689 0.001689 0.001689 0.001689 0.001689 0.113176 0.001689 0.005068 0.011824 0.001689 0.001689 0.001689 0.001689 0.005068 0.001689 0.005068 0.015203 0.636824 0.008446 0.005068 0.001689 0.001689 0.001689 0.011824 0.001689 0.001689 0.001689 0.001689 0.001689 0.001689 0.005068 0.001689 0.113176 0.001689 
0.028153 0.001126 0.001126 0.010135 0.001126 0.001126 0.005631 0.010135 0.001126 0.001126 0.034910 0.001126 0.001126 0.001126 0.746622 0.003378 0.001126 0.003378 0.025901 0.010135 0.046171 0.001126 0.005631 0.001126 0.001126 0.001126 0.001126 0.010135 0.001126 0.001126 0.001126 0.001126 0.001126 0.001126 0.001126 0.001126 0.001126 0.010135 0.021396 0.001126 
0.002119 0.002119 0.002119 0.002119 0.002119 0.006356 0.002119 0.451271 0.002119 0.002119 0.002119 0.002119 0.002119 0.002119 0.319915 0.006356 0.002119 0.014831 0.002119 0.002119 0.002119 0.002119 0.002119 0.019068 0.002119 0.006356 0.002119 0.002119 0.006356 0.002119 0.002119 0.002119 0.006356 0.002119 0.002119 0.002119 0.010593 0.002119 0.086864 0.006356 
0.002183 0.002183 0.006550 0.002183 0.010917 0.002183 0.019651 0.006550 0.002183 0.015284 0.006550 0.002183 0.015284 0.002183 0.713974 0.002183 0.006550 0.015284 0.002183 0.002183 0.002183 0.002183 0.010917 0.006550 0.006550 0.002183 0.002183 0.002183 0.006550 0.002183 0.006550 0.002183 0.002183 0.006550 0.002183 0.010917 0.006550 0.002183 0.072052 0.006550 
0.005376 0.001792 0.005376 0.001792 0.001792 0.001792 0.001792 0.589606 0.001792 0.001792 0.001792 0.001792 0.005376 0.001792 0.123656 0.005376 0.001792 0.001792 0.008961 0.008961 0.008961 0.001792 0.001792 0.001792 0.001792 0.001792 0.008961 0.001792 0.005376 0.001792 0.012545 0.001792 0.001792 0.001792 0.001792 0.001792 0.001792 0.016129 0.148746 0.001792 
0.005396 0.012590 0.005396 0.005396 0.001799 0.001799 0.001799 0.005396 0.005396 0.041367 0.001799 0.001799 0.001799 0.019784 0.250000 0.001799 0.001799 0.001799 0.001799 0.001799 0.005396 0.001799 0.001799 0.001799 0.012590 0.001799 0.001799 0.001799 0.001799 0.016187 0.001799 0.001799 0.001799 0.001799 0.001799 0.001799 0.016187 0.508993 0.030576 0.016187 
0.002222 0.002222 0.015556 0.002222 0.002222 0.002222 0.002222 0.002222 0.002222 0.002222 0.006667 0.002222 0.006667 0.388889 0.228889 0.002222 0.015556 0.002222 0.015556 0.002222 0.002222 0.002222 0.011111 0.002222 0.006667 0.006667 0.006667 0.006667 0.002222 0.002222 0.002222 0.011111 0.002222 0.011111 0.002222 0.002222 0.002222 0.002222 0.202222 0.006667 
0.007979 0.007979 0.023936 0.007979 0.002660 0.007979 0.018617 0.007979 0.002660 0.002660 0.002660 0.007979 0.002660 0.002660 0.688830 0.013298 0.007979 0.002660 0.039894 0.007979 0.002660 0.002660 0.002660 0.002660 0.002660 0.018617 0.002660 0.002660 0.002660 0.002660 0.002660 0.002660 0.002660 0.007979 0.013298 0.002660 0.013298 0.002660 0.039894 0.002660 
0.002016 0.002016 0.006048 0.002016 0.002016 0.006048 0.002016 0.002016 0.002016 0.002016 0.050403 0.002016 0.010081 0.014113 0.796371 0.002016 0.002016 0.002016 0.018145 0.006048 0.002016 0.002016 0.002016 0.006048 0.002016 0.010081 0.002016 0.002016 0.002016 0.002016 0.002016 0.002016 0.002016 0.002016 0.002016 0.002016 0.006048 0.014113 0.002016 0.002016 
0.001667 0.001667 0.005000 0.001667 0.001667 0.001667 0.001667 0.001667 0.001667 0.051667 0.001667 0.005000 0.008333 0.001667 0.468333 0.005000 0.001667 0.001667 0.005000 0.001667 0.008333 0.001667 0.011667 0.001667 0.015000 0.001667 0.001667 0.001667 0.001667 0.001667 0.001667 0.001667 0.001667 0.001667 0.001667 0.001667 0.001667 0.365000 0.005000 0.001667 
0.007772 0.002591 0.028497 0.002591 0.002591 0.002591 0.018135 0.002591 0.002591 0.002591 0.002591 0.002591 0.002591 0.002591 0.774611 0.002591 0.007772 0.002591 0.002591 0.007772 0.012953 0.002591 0.002591 0.012953 0.002591 0.002591 0.002591 0.007772 0.012953 0.002591 0.002591 0.007772 0.002591 0.002591 0.002591 0.002591 0.002591 0.012953 0.018135 0.002591 
0.004545 0.004545 0.004545 0.004545 0.004545 0.004545 0.004545 0.004545 0.004545 0.431818 0.022727 0.050000 0.095455 0.004545 0.086364 0.004545 0.004545 0.022727 0.031818 0.013636 0.013636 0.004545 0.004545 0.004545 0.022727 0.004545 0.004545 0.004545 0.013636 0.004545 0.004545 0.022727 0.004545 0.004545 0.004545 0.013636 0.004545 0.031818 0.004545 0.013636 
0.017442 0.098837 0.013566 0.005814 0.001938 0.005814 0.009690 0.005814 0.001938 0.005814 0.009690 0.009690 0.001938 0.001938 0.594961 0.001938 0.001938 0.001938 0.013566 0.001938 0.001938 0.001938 0.025194 0.040698 0.001938 0.001938 0.001938 0.001938 0.001938 0.001938 0.001938 0.017442 0.001938 0.001938 0.005814 0.001938 0.017442 0.001938 0.052326 0.009690 
0.001748 0.057692 0.005245 0.001748 0.001748 0.012238 0.001748 0.001748 0.012238 0.001748 0.501748 0.015734 0.001748 0.001748 0.229021 0.001748 0.005245 0.001748 0.001748 0.001748 0.001748 0.001748 0.001748 0.005245 0.005245 0.001748 0.005245 0.008741 0.029720 0.005245 0.001748 0.001748 0.008741 0.001748 0.001748 0.001748 0.008741 0.005245 0.040210 0.001748 
0.003401 0.023810 0.445578 0.010204 0.003401 0.010204 0.003401 0.003401 0.017007 0.010204 0.003401 0.017007 0.003401 0.003401 0.255102 0.010204 0.010204 0.003401 0.003401 0.003401 0.003401 0.010204 0.030612 0.037415 0.003401 0.010204 0.010204 0.010204 0.003401 0.003401 0.003401 0.003401 0.003401 0.003401 0.003401 0.003401 0.003401 0.003401 0.003401 0.003401 
0.001312 0.003937 0.001312 0.011811 0.003937 0.001312 0.001312 0.001312 0.003937 0.001312 0.001312 0.003937 0.001312 0.006562 0.200787 0.001312 0.003937 0.003937 0.006562 0.615486 0.001312 0.001312 0.001312 0.006562 0.014436 0.001312 0.003937 0.001312 0.006562 0.001312 0.003937 0.001312 0.003937 0.003937 0.003937 0.001312 0.001312 0.003937 0.043307 0.017060 
0.007895 0.002632 0.002632 0.002632 0.007895 0.002632 0.002632 0.018421 0.007895 0.007895 0.023684 0.002632 0.013158 0.018421 0.381579 0.002632 0.002632 0.002632 0.002632 0.018421 0.018421 0.002632 0.002632 0.013158 0.002632 0.002632 0.018421 0.002632 0.002632 0.002632 0.002632 0.002632 0.002632 0.002632 0.007895 0.002632 0.002632 0.355263 0.018421 0.002632 
0.003401 0.003401 0.003401 0.003401 0.003401 0.282313 0.003401 0.003401 0.003401 0.003401 0.017007 0.166667 0.003401 0.010204 0.010204 0.003401 0.010204 0.003401 0.003401 0.017007 0.023810 0.010204 0.030612 0.003401 0.003401 0.003401 0.003401 0.248299 0.003401 0.003401 0.003401 0.044218 0.010204 0.003401 0.003401 0.010204 0.010204 0.003401 0.003401 0.017007 
0.002994 0.008982 0.002994 0.002994 0.002994 0.002994 0.002994 0.008982 0.026946 0.002994 0.014970 0.038922 0.002994 0.002994 0.002994 0.008982 0.002994 0.002994 0.002994 0.002994 0.476048 0.002994 0.002994 0.002994 0.002994 0.002994 0.020958 0.032934 0.002994 0.002994 0.002994 0.080838 0.014970 0.002994 0.002994 0.002994 0.002994 0.002994 0.182635 0.002994 
0.003145 0.003145 0.009434 0.022013 0.003145 0.009434 0.003145 0.003145 0.009434 0.078616 0.003145 0.009434 0.003145 0.003145 0.154088 0.003145 0.003145 0.003145 0.003145 0.003145 0.003145 0.003145 0.040881 0.003145 0.003145 0.487421 0.003145 0.009434 0.003145 0.003145 0.003145 0.015723 0.003145 0.003145 0.003145 0.003145 0.003145 0.003145 0.066038 0.003145 
0.002525 0.032828 0.002525 0.002525 0.002525 0.002525 0.012626 0.002525 0.007576 0.027778 0.002525 0.002525 0.007576 0.002525 0.179293 0.002525 0.002525 0.002525 0.002525 0.002525 0.002525 0.002525 0.002525 0.017677 0.002525 0.002525 0.002525 0.002525 0.457071 0.002525 0.002525 0.002525 0.002525 0.002525 0.002525 0.002525 0.002525 0.002525 0.179293 0.002525 
0.001479 0.001479 0.001479 0.001479 0.001479 0.001479 0.001479 0.001479 0.001479 0.001479 0.004438 0.001479 0.001479 0.001479 0.001479 0.927515 0.001479 0.001479 0.001479 0.001479 0.001479 0.010355 0.001479 0.001479 0.001479 0.001479 0.001479 0.001479 0.001479 0.001479 0.001479 0.001479 0.001479 0.001479 0.001479 0.001479 0.001479 0.001479 0.004438 0.001479 
0.028689 0.004098 0.004098 0.012295 0.004098 0.012295 0.004098 0.012295 0.004098 0.004098 0.315574 0.004098 0.012295 0.036885 0.200820 0.004098 0.012295 0.012295 0.020492 0.004098 0.004098 0.004098 0.004098 0.012295 0.004098 0.004098 0.004098 0.004098 0.004098 0.004098 0.004098 0.004098 0.012295 0.004098 0.004098 0.004098 0.012295 0.012295 0.168033 0.012295 
0.038690 0.002976 0.002976 0.002976 0.014881 0.002976 0.002976 0.002976 0.002976 0.002976 0.002976 0.002976 0.002976 0.002976 0.711310 0.002976 0.002976 0.008929 0.002976 0.002976 0.032738 0.008929 0.038690 0.002976 0.008929 0.002976 0.002976 0.014881 0.002976 0.002976 0.002976 0.002976 0.002976 0.002976 0.002976 0.008929 0.002976 0.002976 0.026786 0.002976 
0.004673 0.014019 0.004673 0.004673 0.004673 0.004673 0.032710 0.490654 0.004673 0.004673 0.004673 0.004673 0.004673 0.014019 0.126168 0.004673 0.004673 0.023364 0.004673 0.004673 0.004673 0.023364 0.014019 0.004673 0.004673 0.032710 0.004673 0.004673 0.004673 0.004673 0.004673 0.004673 0.014019 0.004673 0.004673 0.004673 0.004673 0.004673 0.079439 0.004673 
0.003030 0.009091 0.015152 0.003030 0.003030 0.003030 0.003030 0.015152 0.003030 0.027273 0.003030 0.003030 0.003030 0.015152 0.675758 0.003030 0.021212 0.021212 0.033333 0.003030 0.015152 0.021212 0.009091 0.003030 0.003030 0.003030 0.009091 0.003030 0.003030 0.003030 0.009091 0.009091 0.003030 0.003030 0.003030 0.003030 0.021212 0.003030 0.003030 0.003030 
0.008197 0.008197 0.172131 0.008197 0.008197 0.008197 0.008197 0.008197 0.024590 0.008197 0.008197 0.040984 0.008197 0.008197 0.368852 0.008197 0.008197 0.024590 0.008197 0.008197 0.008197 0.008197 0.008197 0.024590 0.040984 0.008197 0.008197 0.008197 0.008197 0.008197 0.024590 0.008197 0.008197 0.008197 0.008197 0.008197 0.008197 0.008197 0.024590 0.008197 
0.001475 0.001475 0.001475 0.001475 0.001475 0.001475 0.001475 0.001475 0.007375 0.001475 0.004425 0.016224 0.001475 0.001475 0.075221 0.004425 0.001475 0.001475 0.001475 0.001475 0.001475 0.001475 0.001475 0.001475 0.004425 0.001475 0.013274 0.004425 0.004425 0.815634 0.004425 0.001475 0.004425 0.001475 0.001475 0.001475 0.001475 0.001475 0.001475 0.001475 
0.004902 0.004902 0.004902 0.014706 0.004902 0.004902 0.014706 0.004902 0.004902 0.004902 0.004902 0.004902 0.004902 0.426471 0.093137 0.004902 0.004902 0.004902 0.004902 0.024510 0.004902 0.004902 0.161765 0.024510 0.004902 0.004902 0.004902 0.004902 0.004902 0.004902 0.004902 0.004902 0.004902 0.004902 0.024510 0.004902 0.004902 0.004902 0.053922 0.014706 
0.003846 0.003846 0.003846 0.003846 0.003846 0.057692 0.003846 0.065385 0.003846 0.003846 0.003846 0.150000 0.003846 0.003846 0.073077 0.011538 0.003846 0.003846 0.026923 0.034615 0.003846 0.003846 0.003846 0.003846 0.034615 0.080769 0.011538 0.003846 0.003846 0.003846 0.003846 0.011538 0.265385 0.003846 0.003846 0.026923 0.026923 0.003846 0.011538 0.019231 
0.020833 0.004167 0.004167 0.004167 0.012500 0.004167 0.004167 0.004167 0.004167 0.195833 0.004167 0.004167 0.070833 0.004167 0.062500 0.004167 0.004167 0.004167 0.004167 0.004167 0.004167 0.004167 0.012500 0.004167 0.004167 0.012500 0.012500 0.004167 0.004167 0.004167 0.004167 0.004167 0.004167 0.012500 0.004167 0.004167 0.004167 0.020833 0.445833 0.004167 
0.005535 0.001845 0.001845 0.005535 0.005535 0.001845 0.001845 0.012915 0.001845 0.001845 0.522140 0.001845 0.001845 0.005535 0.208487 0.016605 0.001845 0.016605 0.005535 0.005535 0.009225 0.005535 0.001845 0.001845 0.001845 0.005535 0.005535 0.005535 0.001845 0.001845 0.001845 0.005535 0.005535 0.016605 0.005535 0.001845 0.009225 0.001845 0.083026 0.001845 
0.002212 0.002212 0.006637 0.409292 0.002212 0.002212 0.015487 0.006637 0.002212 0.037611 0.002212 0.002212 0.002212 0.006637 0.334071 0.002212 0.002212 0.006637 0.002212 0.002212 0.006637 0.002212 0.002212 0.015487 0.011062 0.002212 0.006637 0.024336 0.002212 0.015487 0.002212 0.006637 0.002212 0.002212 0.006637 0.002212 0.006637 0.002212 0.028761 0.002212 
0.005682 0.020833 0.005682 0.013258 0.013258 0.005682 0.013258 0.001894 0.028409 0.043561 0.013258 0.001894 0.001894 0.001894 0.679924 0.001894 0.001894 0.001894 0.001894 0.001894 0.001894 0.001894 0.001894 0.005682 0.001894 0.013258 0.020833 0.001894 0.001894 0.005682 0.024621 0.001894 0.005682 0.001894 0.013258 0.001894 0.009470 0.020833 0.001894 0.001894 
0.010949 0.062044 0.018248 0.003650 0.003650 0.003650 0.003650 0.003650 0.010949 0.040146 0.032847 0.003650 0.003650 0.003650 0.463504 0.010949 0.018248 0.003650 0.054745 0.018248 0.054745 0.003650 0.003650 0.025547 0.010949 0.025547 0.003650 0.003650 0.003650 0.003650 0.010949 0.003650 0.010949 0.003650 0.003650 0.003650 0.003650 0.010949 0.032847 0.003650 
0.002976 0.002976 0.002976 0.002976 0.002976 0.002976 0.002976 0.002976 0.002976 0.002976 0.002976 0.002976 0.002976 0.002976 0.002976 0.002976 0.883929 0.002976 0.002976 0.002976 0.002976 0.002976 0.002976 0.002976 0.002976 0.002976 0.002976 0.002976 0.002976 0.002976 0.002976 0.002976 0.002976 0.002976 0.002976 0.002976 0.002976 0.002976 0.002976 0.002976 
0.003268 0.003268 0.009804 0.016340 0.009804 0.003268 0.003268 0.003268 0.009804 0.003268 0.003268 0.003268 0.016340 0.003268 0.715686 0.009804 0.003268 0.016340 0.003268 0.003268 0.003268 0.003268 0.009804 0.009804 0.003268 0.003268 0.022876 0.003268 0.009804 0.003268 0.016340 0.003268 0.009804 0.009804 0.003268 0.003268 0.016340 0.009804 0.003268 0.009804 
0.011811 0.003937 0.003937 0.003937 0.003937 0.011811 0.003937 0.003937 0.003937 0.019685 0.003937 0.003937 0.003937 0.003937 0.003937 0.011811 0.003937 0.011811 0.003937 0.003937 0.019685 0.003937 0.003937 0.003937 0.011811 0.011811 0.003937 0.003937 0.003937 0.003937 0.003937 0.027559 0.003937 0.011811 0.019685 0.003937 0.011811 0.019685 0.696850 0.003937 
0.004545 0.004545 0.004545 0.004545 0.022727 0.004545 0.013636 0.004545 0.004545 0.004545 0.004545 0.004545 0.050000 0.004545 0.522727 0.004545 0.004545 0.013636 0.022727 0.004545 0.022727 0.004545 0.022727 0.013636 0.004545 0.004545 0.004545 0.004545 0.004545 0.004545 0.004545 0.013636 0.004545 0.004545 0.050000 0.004545 0.004545 0.004545 0.095455 0.013636 
0.017241 0.017241 0.017241 0.017241 0.017241 0.051724 0.017241 0.017241 0.017241 0.017241 0.051724 0.051724 0.051724 0.017241 0.017241 0.017241 0.017241 0.017241 0.017241 0.017241 0.017241 0.051724 0.017241 0.017241 0.051724 0.017241 0.017241 0.017241 0.017241 0.017241 0.017241 0.017241 0.017241 0.017241 0.017241 0.051724 0.017241 0.086207 0.017241 0.017241 
0.003731 0.003731 0.003731 0.003731 0.003731 0.003731 0.048507 0.026119 0.003731 0.018657 0.003731 0.018657 0.003731 0.003731 0.257463 0.003731 0.003731 0.003731 0.003731 0.018657 0.003731 0.003731 0.026119 0.003731 0.011194 0.003731 0.033582 0.003731 0.003731 0.011194 0.003731 0.041045 0.003731 0.018657 0.011194 0.003731 0.294776 0.003731 0.070896 0.003731 
0.006579 0.032895 0.006579 0.006579 0.006579 0.019737 0.032895 0.006579 0.006579 0.006579 0.006579 0.006579 0.019737 0.006579 0.506579 0.006579 0.006579 0.006579 0.006579 0.111842 0.006579 0.006579 0.019737 0.006579 0.019737 0.006579 0.006579 0.006579 0.006579 0.006579 0.006579 0.019737 0.006579 0.006579 0.019737 0.006579 0.006579 0.006579 0.006579 0.006579 
0.002907 0.002907 0.002907 0.014535 0.026163 0.002907 0.002907 0.020349 0.014535 0.002907 0.020349 0.107558 0.008721 0.014535 0.194767 0.002907 0.002907 0.002907 0.014535 0.002907 0.014535 0.002907 0.008721 0.020349 0.002907 0.002907 0.008721 0.002907 0.357558 0.020349 0.002907 0.020349 0.014535 0.014535 0.002907 0.002907 0.026163 0.002907 0.002907 0.002907 
0.009804 0.003268 0.016340 0.009804 0.003268 0.009804 0.022876 0.049020 0.009804 0.009804 0.003268 0.003268 0.003268 0.049020 0.493464 0.003268 0.009804 0.003268 0.009804 0.009804 0.003268 0.003268 0.016340 0.016340 0.055556 0.003268 0.009804 0.016340 0.003268 0.009804 0.003268 0.009804 0.022876 0.016340 0.003268 0.003268 0.003268 0.003268 0.062092 0.003268 
0.003546 0.010638 0.003546 0.003546 0.003546 0.003546 0.003546 0.024823 0.003546 0.003546 0.003546 0.003546 0.003546 0.003546 0.003546 0.003546 0.003546 0.003546 0.003546 0.003546 0.010638 0.017730 0.003546 0.003546 0.010638 0.003546 0.620567 0.010638 0.003546 0.003546 0.003546 0.003546 0.003546 0.003546 0.003546 0.003546 0.003546 0.003546 0.180851 0.003546 
0.004000 0.012000 0.004000 0.004000 0.012000 0.004000 0.004000 0.004000 0.004000 0.004000 0.012000 0.028000 0.004000 0.012000 0.380000 0.004000 0.012000 0.012000 0.012000 0.004000 0.012000 0.012000 0.004000 0.004000 0.020000 0.004000 0.004000 0.012000 0.028000 0.012000 0.004000 0.004000 0.012000 0.004000 0.012000 0.004000 0.012000 0.284000 0.012000 0.004000 
0.005000 0.005000 0.005000 0.005000 0.005000 0.005000 0.005000 0.005000 0.005000 0.005000 0.005000 0.015000 0.005000 0.005000 0.025000 0.005000 0.015000 0.015000 0.355000 0.025000 0.005000 0.005000 0.035000 0.005000 0.005000 0.005000 0.005000 0.005000 0.015000 0.005000 0.005000 0.005000 0.055000 0.005000 0.015000 0.005000 0.005000 0.005000 0.285000 0.005000 
0.005618 0.005618 0.005618 0.005618 0.005618 0.005618 0.005618 0.016854 0.005618 0.005618 0.005618 0.005618 0.005618 0.084270 0.533708 0.005618 0.016854 0.016854 0.005618 0.028090 0.005618 0.005618 0.016854 0.005618 0.028090 0.005618 0.005618 0.005618 0.016854 0.005618 0.005618 0.005618 0.016854 0.005618 0.005618 0.005618 0.016854 0.005618 0.028090 0.028090 
0.004065 0.004065 0.004065 0.004065 0.004065 0.004065 0.004065 0.004065 0.004065 0.004065 0.004065 0.004065 0.012195 0.004065 0.004065 0.004065 0.004065 0.004065 0.004065 0.004065 0.004065 0.004065 0.256098 0.004065 0.004065 0.004065 0.004065 0.004065 0.004065 0.004065 0.004065 0.581301 0.004065 0.004065 0.004065 0.004065 0.004065 0.004065 0.004065 0.004065 
0.003247 0.009740 0.003247 0.003247 0.003247 0.009740 0.022727 0.009740 0.009740 0.003247 0.003247 0.003247 0.009740 0.003247 0.133117 0.003247 0.003247 0.009740 0.009740 0.633117 0.003247 0.009740 0.009740 0.003247 0.003247 0.003247 0.003247 0.003247 0.003247 0.003247 0.003247 0.003247 0.009740 0.003247 0.003247 0.009740 0.003247 0.003247 0.009740 0.016234 
0.004587 0.068807 0.004587 0.004587 0.004587 0.004587 0.004587 0.004587 0.004587 0.004587 0.123853 0.013761 0.004587 0.004587 0.408257 0.013761 0.004587 0.013761 0.004587 0.004587 0.041284 0.013761 0.022936 0.004587 0.004587 0.013761 0.004587 0.032110 0.013761 0.004587 0.022936 0.004587 0.004587 0.004587 0.068807 0.013761 0.004587 0.004587 0.004587 0.004587 
0.023585 0.014151 0.004717 0.004717 0.004717 0.004717 0.127358 0.004717 0.004717 0.004717 0.004717 0.004717 0.004717 0.004717 0.155660 0.014151 0.014151 0.004717 0.004717 0.004717 0.004717 0.004717 0.042453 0.033019 0.014151 0.014151 0.004717 0.004717 0.033019 0.023585 0.014151 0.014151 0.004717 0.004717 0.004717 0.004717 0.004717 0.325472 0.014151 0.014151 
0.005263 0.005263 0.005263 0.005263 0.005263 0.005263 0.005263 0.005263 0.005263 0.005263 0.005263 0.005263 0.036842 0.005263 0.005263 0.005263 0.015789 0.005263 0.005263 0.005263 0.005263 0.005263 0.015789 0.005263 0.005263 0.005263 0.005263 0.005263 0.015789 0.005263 0.005263 0.015789 0.005263 0.005263 0.005263 0.700000 0.005263 0.005263 0.026316 0.005263 
0.007246 0.007246 0.007246 0.007246 0.007246 0.021739 0.007246 0.427536 0.007246 0.007246 0.007246 0.007246 0.007246 0.007246 0.007246 0.007246 0.007246 0.007246 0.007246 0.007246 0.007246 0.007246 0.007246 0.007246 0.007246 0.007246 0.007246 0.007246 0.007246 0.007246 0.021739 0.007246 0.007246 0.007246 0.007246 0.007246 0.007246 0.007246 0.253623 0.021739 
0.022059 0.051471 0.022059 0.007353 0.007353 0.007353 0.007353 0.022059 0.007353 0.022059 0.007353 0.007353 0.051471 0.007353 0.051471 0.007353 0.007353 0.110294 0.007353 0.022059 0.051471 0.007353 0.022059 0.007353 0.022059 0.007353 0.022059 0.022059 0.007353 0.007353 0.007353 0.007353 0.007353 0.022059 0.007353 0.022059 0.007353 0.036765 0.242647 0.007353 
0.005814 0.005814 0.005814 0.017442 0.005814 0.005814 0.017442 0.005814 0.017442 0.005814 0.005814 0.017442 0.005814 0.343023 0.168605 0.005814 0.005814 0.005814 0.040698 0.005814 0.005814 0.017442 0.029070 0.005814 0.029070 0.029070 0.017442 0.005814 0.017442 0.029070 0.029070 0.005814 0.005814 0.005814 0.005814 0.005814 0.005814 0.005814 0.029070 0.017442 
0.008929 0.008929 0.026786 0.044643 0.026786 0.008929 0.008929 0.026786 0.008929 0.008929 0.008929 0.044643 0.026786 0.026786 0.133929 0.026786 0.008929 0.008929 0.008929 0.008929 0.008929 0.008929 0.008929 0.008929 0.008929 0.008929 0.008929 0.008929 0.008929 0.008929 0.008929 0.008929 0.008929 0.008929 0.008929 0.008929 0.008929 0.062500 0.294643 0.008929 
0.009091 0.009091 0.009091 0.009091 0.009091 0.009091 0.009091 0.009091 0.009091 0.009091 0.027273 0.009091 0.027273 0.081818 0.427273 0.009091 0.009091 0.009091 0.009091 0.009091 0.009091 0.009091 0.009091 0.045455 0.009091 0.009091 0.009091 0.009091 0.009091 0.027273 0.063636 0.009091 0.009091 0.009091 0.009091 0.009091 0.009091 0.009091 0.009091 0.009091 
0.018293 0.042683 0.042683 0.006098 0.006098 0.006098 0.018293 0.006098 0.006098 0.030488 0.006098 0.006098 0.018293 0.006098 0.493902 0.006098 0.006098 0.018293 0.006098 0.006098 0.006098 0.030488 0.006098 0.042683 0.006098 0.006098 0.006098 0.006098 0.030488 0.006098 0.006098 0.006098 0.006098 0.006098 0.006098 0.006098 0.018293 0.006098 0.006098 0.030488 
0.003205 0.003205 0.003205 0.003205 0.003205 0.009615 0.003205 0.003205 0.003205 0.016026 0.003205 0.003205 0.003205 0.003205 0.028846 0.003205 0.003205 0.003205 0.003205 0.003205 0.003205 0.003205 0.625000 0.003205 0.003205 0.003205 0.003205 0.009615 0.009615 0.022436 0.003205 0.003205 0.009615 0.003205 0.009615 0.003205 0.003205 0.003205 0.163462 0.003205 
0.005495 0.005495 0.005495 0.005495 0.005495 0.016484 0.148352 0.005495 0.005495 0.005495 0.005495 0.016484 0.005495 0.005495 0.093407 0.005495 0.005495 0.016484 0.005495 0.016484 0.005495 0.005495 0.005495 0.016484 0.016484 0.005495 0.005495 0.038462 0.005495 0.027473 0.005495 0.005495 0.005495 0.005495 0.016484 0.005495 0.412088 0.005495 0.005495 0.016484 
0.006849 0.006849 0.006849 0.020548 0.006849 0.006849 0.006849 0.006849 0.006849 0.006849 0.006849 0.006849 0.006849 0.006849 0.006849 0.006849 0.006849 0.006849 0.006849 0.006849 0.006849 0.006849 0.020548 0.006849 0.006849 0.034247 0.006849 0.006849 0.006849 0.006849 0.006849 0.006849 0.143836 0.006849 0.006849 0.020548 0.006849 0.006849 0.006849 0.527397 
0.010638 0.010638 0.010638 0.010638 0.074468 0.010638 0.031915 0.138298 0.010638 0.010638 0.010638 0.010638 0.010638 0.010638 0.223404 0.010638 0.010638 0.010638 0.010638 0.010638 0.010638 0.010638 0.010638 0.031915 0.010638 0.010638 0.031915 0.031915 0.010638 0.010638 0.010638 0.053191 0.010638 0.010638 0.010638 0.010638 0.053191 0.010638 0.010638 0.010638 
0.021552 0.004310 0.004310 0.004310 0.004310 0.004310 0.426724 0.004310 0.004310 0.004310 0.004310 0.012931 0.004310 0.004310 0.004310 0.004310 0.004310 0.004310 0.004310 0.004310 0.004310 0.004310 0.012931 0.004310 0.004310 0.004310 0.004310 0.004310 0.004310 0.004310 0.004310 0.004310 0.021552 0.004310 0.004310 0.004310 0.012931 0.004310 0.340517 0.012931 
0.008621 0.008621 0.353448 0.008621 0.008621 0.008621 0.008621 0.008621 0.008621 0.008621 0.008621 0.008621 0.025862 0.008621 0.008621 0.008621 0.008621 0.008621 0.008621 0.008621 0.008621 0.008621 0.008621 0.008621 0.008621 0.008621 0.008621 0.008621 0.008621 0.008621 0.008621 0.025862 0.008621 0.025862 0.008621 0.008621 0.008621 0.008621 0.267241 0.008621 
0.003030 0.003030 0.003030 0.566667 0.003030 0.003030 0.015152 0.003030 0.003030 0.003030 0.003030 0.033333 0.003030 0.003030 0.003030 0.003030 0.003030 0.003030 0.003030 0.027273 0.003030 0.003030 0.003030 0.003030 0.009091 0.003030 0.003030 0.033333 0.003030 0.003030 0.003030 0.003030 0.003030 0.003030 0.003030 0.027273 0.003030 0.003030 0.160606 0.033333 
0.015789 0.005263 0.015789 0.005263 0.015789 0.005263 0.005263 0.015789 0.005263 0.005263 0.005263 0.005263 0.005263 0.552632 0.005263 0.005263 0.005263 0.015789 0.005263 0.005263 0.005263 0.015789 0.015789 0.005263 0.005263 0.005263 0.005263 0.142105 0.005263 0.015789 0.005263 0.005263 0.015789 0.015789 0.005263 0.005263 0.005263 0.005263 0.005263 0.005263 
0.031250 0.018750 0.006250 0.006250 0.018750 0.006250 0.006250 0.006250 0.031250 0.006250 0.018750 0.006250 0.006250 0.006250 0.431250 0.018750 0.043750 0.018750 0.006250 0.006250 0.006250 0.006250 0.018750 0.006250 0.006250 0.031250 0.006250 0.006250 0.006250 0.006250 0.006250 0.018750 0.006250 0.006250 0.006250 0.018750 0.018750 0.018750 0.043750 0.056250 
0.008621 0.008621 0.025862 0.008621 0.008621 0.008621 0.043103 0.025862 0.008621 0.008621 0.439655 0.008621 0.008621 0.008621 0.129310 0.008621 0.008621 0.008621 0.008621 0.008621 0.008621 0.008621 0.008621 0.008621 0.008621 0.008621 0.008621 0.008621 0.008621 0.008621 0.025862 0.008621 0.008621 0.008621 0.008621 0.008621 0.008621 0.025862 0.008621 0.008621 
0.007143 0.007143 0.035714 0.007143 0.021429 0.021429 0.035714 0.021429 0.035714 0.007143 0.007143 0.007143 0.007143 0.007143 0.021429 0.007143 0.007143 0.007143 0.021429 0.007143 0.007143 0.007143 0.021429 0.007143 0.007143 0.007143 0.007143 0.007143 0.007143 0.050000 0.007143 0.007143 0.007143 0.007143 0.392857 0.007143 0.021429 0.007143 0.092857 0.021429 
0.006849 0.006849 0.006849 0.006849 0.006849 0.006849 0.006849 0.527397 0.034247 0.034247 0.061644 0.020548 0.006849 0.006849 0.006849 0.020548 0.020548 0.006849 0.006849 0.006849 0.006849 0.020548 0.020548 0.006849 0.006849 0.006849 0.006849 0.006849 0.006849 0.006849 0.006849 0.006849 0.006849 0.006849 0.006849 0.006849 0.006849 0.006849 0.034247 0.006849 
0.005814 0.017442 0.180233 0.005814 0.005814 0.005814 0.005814 0.005814 0.005814 0.005814 0.005814 0.017442 0.029070 0.005814 0.215116 0.005814 0.040698 0.040698 0.017442 0.005814 0.005814 0.005814 0.040698 0.017442 0.005814 0.017442 0.005814 0.005814 0.052326 0.017442 0.029070 0.005814 0.005814 0.029070 0.005814 0.017442 0.005814 0.017442 0.017442 0.063953 
0.035714 0.011905 0.035714 0.035714 0.011905 0.011905 0.035714 0.011905 0.011905 0.011905 0.011905 0.011905 0.035714 0.011905 0.011905 0.011905 0.011905 0.011905 0.011905 0.011905 0.011905 0.011905 0.035714 0.011905 0.011905 0.035714 0.011905 0.011905 0.011905 0.011905 0.035714 0.011905 0.011905 0.035714 0.011905 0.011905 0.011905 0.035714 0.297619 0.011905 
0.006579 0.006579 0.032895 0.006579 0.006579 0.006579 0.269737 0.006579 0.006579 0.006579 0.006579 0.006579 0.006579 0.006579 0.203947 0.006579 0.006579 0.019737 0.006579 0.046053 0.006579 0.006579 0.046053 0.006579 0.098684 0.006579 0.006579 0.006579 0.046053 0.006579 0.006579 0.006579 0.006579 0.019737 0.006579 0.006579 0.006579 0.006579 0.019737 0.006579 
0.011111 0.033333 0.277778 0.011111 0.011111 0.011111 0.011111 0.011111 0.011111 0.011111 0.011111 0.011111 0.011111 0.011111 0.033333 0.077778 0.055556 0.011111 0.033333 0.011111 0.011111 0.011111 0.011111 0.011111 0.011111 0.011111 0.011111 0.011111 0.011111 0.011111 0.011111 0.033333 0.011111 0.011111 0.011111 0.011111 0.011111 0.011111 0.100000 0.011111 
0.015625 0.015625 0.015625 0.015625 0.015625 0.015625 0.015625 0.046875 0.015625 0.015625 0.046875 0.015625 0.015625 0.078125 0.140625 0.015625 0.015625 0.015625 0.015625 0.015625 0.015625 0.015625 0.015625 0.015625 0.046875 0.015625 0.046875 0.015625 0.046875 0.015625 0.015625 0.015625 0.015625 0.015625 0.015625 0.015625 0.015625 0.015625 0.046875 0.015625 
0.008333 0.008333 0.025000 0.025000 0.041667 0.008333 0.008333 0.008333 0.008333 0.025000 0.008333 0.025000 0.008333 0.008333 0.091667 0.025000 0.008333 0.008333 0.008333 0.175000 0.008333 0.008333 0.025000 0.008333 0.008333 0.208333 0.008333 0.008333 0.008333 0.008333 0.008333 0.008333 0.008333 0.041667 0.008333 0.008333 0.008333 0.025000 0.041667 0.008333 
0.003145 0.009434 0.003145 0.003145 0.003145 0.003145 0.003145 0.003145 0.009434 0.003145 0.009434 0.003145 0.003145 0.003145 0.028302 0.003145 0.003145 0.009434 0.003145 0.003145 0.003145 0.003145 0.757862 0.003145 0.009434 0.003145 0.003145 0.003145 0.003145 0.003145 0.003145 0.003145 0.003145 0.003145 0.003145 0.003145 0.003145 0.003145 0.066038 0.003145 
0.009434 0.009434 0.028302 0.009434 0.009434 0.009434 0.009434 0.009434 0.009434 0.009434 0.009434 0.009434 0.009434 0.009434 0.009434 0.009434 0.009434 0.009434 0.009434 0.009434 0.009434 0.009434 0.047170 0.009434 0.009434 0.009434 0.009434 0.009434 0.009434 0.009434 0.009434 0.009434 0.009434 0.009434 0.009434 0.047170 0.009434 0.009434 0.028302 0.518868 
0.036765 0.051471 0.007353 0.007353 0.022059 0.007353 0.007353 0.007353 0.007353 0.022059 0.022059 0.007353 0.036765 0.036765 0.272059 0.007353 0.051471 0.007353 0.022059 0.022059 0.007353 0.007353 0.036765 0.007353 0.007353 0.036765 0.007353 0.007353 0.007353 0.007353 0.007353 0.022059 0.051471 0.022059 0.036765 0.007353 0.007353 0.007353 0.022059 0.022059 
0.013889 0.013889 0.013889 0.013889 0.013889 0.013889 0.013889 0.013889 0.013889 0.013889 0.013889 0.013889 0.013889 0.013889 0.125000 0.041667 0.013889 0.013889 0.013889 0.013889 0.013889 0.013889 0.097222 0.013889 0.013889 0.013889 0.013889 0.097222 0.013889 0.013889 0.069444 0.013889 0.013889 0.013889 0.013889 0.013889 0.041667 0.013889 0.069444 0.013889 
0.046296 0.009259 0.009259 0.009259 0.027778 0.009259 0.009259 0.027778 0.009259 0.009259 0.009259 0.009259 0.009259 0.009259 0.250000 0.009259 0.009259 0.064815 0.009259 0.009259 0.009259 0.009259 0.027778 0.009259 0.009259 0.009259 0.009259 0.027778 0.009259 0.157407 0.009259 0.027778 0.046296 0.009259 0.009259 0.027778 0.009259 0.009259 0.009259 0.009259 
0.012500 0.012500 0.012500 0.012500 0.037500 0.012500 0.012500 0.012500 0.012500 0.012500 0.012500 0.012500 0.012500 0.012500 0.012500 0.012500 0.012500 0.012500 0.012500 0.012500 0.012500 0.062500 0.012500 0.012500 0.012500 0.012500 0.012500 0.037500 0.037500 0.012500 0.037500 0.012500 0.012500 0.012500 0.312500 0.012500 0.012500 0.012500 0.062500 0.012500 
0.005495 0.005495 0.005495 0.027473 0.005495 0.005495 0.016484 0.016484 0.016484 0.049451 0.005495 0.005495 0.016484 0.016484 0.478022 0.016484 0.005495 0.016484 0.005495 0.005495 0.027473 0.005495 0.005495 0.005495 0.104396 0.005495 0.016484 0.005495 0.005495 0.005495 0.005495 0.005495 0.005495 0.027473 0.005495 0.005495 0.005495 0.005495 0.016484 0.005495 
0.011111 0.011111 0.011111 0.011111 0.033333 0.055556 0.011111 0.011111 0.011111 0.011111 0.011111 0.011111 0.011111 0.011111 0.011111 0.011111 0.033333 0.033333 0.011111 0.011111 0.011111 0.011111 0.011111 0.011111 0.011111 0.011111 0.211111 0.011111 0.011111 0.011111 0.033333 0.033333 0.077778 0.033333 0.011111 0.011111 0.011111 0.011111 0.122222 0.011111 
0.010870 0.010870 0.010870 0.010870 0.010870 0.010870 0.032609 0.141304 0.010870 0.010870 0.010870 0.054348 0.010870 0.076087 0.206522 0.010870 0.032609 0.010870 0.010870 0.010870 0.010870 0.010870 0.010870 0.010870 0.010870 0.010870 0.010870 0.010870 0.010870 0.032609 0.010870 0.010870 0.010870 0.010870 0.010870 0.010870 0.010870 0.010870 0.054348 0.032609 
0.014286 0.014286 0.014286 0.042857 0.014286 0.014286 0.014286 0.014286 0.014286 0.014286 0.014286 0.014286 0.014286 0.014286 0.242857 0.014286 0.014286 0.014286 0.014286 0.014286 0.014286 0.014286 0.014286 0.014286 0.100000 0.042857 0.014286 0.014286 0.014286 0.014286 0.014286 0.014286 0.014286 0.042857 0.042857 0.014286 0.014286 0.014286 0.014286 0.014286 
0.005882 0.005882 0.017647 0.005882 0.005882 0.005882 0.005882 0.005882 0.005882 0.005882 0.005882 0.005882 0.005882 0.005882 0.135294 0.005882 0.005882 0.017647 0.005882 0.005882 0.005882 0.005882 0.017647 0.005882 0.535294 0.005882 0.005882 0.005882 0.005882 0.005882 0.005882 0.005882 0.005882 0.005882 0.029412 0.005882 0.005882 0.005882 0.029412 0.029412 
0.007812 0.007812 0.054688 0.039062 0.007812 0.007812 0.023438 0.007812 0.054688 0.023438 0.289062 0.007812 0.007812 0.007812 0.007812 0.007812 0.007812 0.039062 0.101562 0.007812 0.007812 0.007812 0.007812 0.007812 0.007812 0.007812 0.007812 0.007812 0.007812 0.023438 0.007812 0.023438 0.007812 0.007812 0.007812 0.007812 0.007812 0.007812 0.085938 0.023438 
0.004630 0.013889 0.004630 0.004630 0.004630 0.004630 0.004630 0.032407 0.004630 0.013889 0.004630 0.004630 0.004630 0.023148 0.013889 0.004630 0.004630 0.004630 0.013889 0.032407 0.004630 0.004630 0.004630 0.023148 0.004630 0.023148 0.365741 0.004630 0.004630 0.004630 0.013889 0.004630 0.004630 0.013889 0.004630 0.004630 0.004630 0.004630 0.291667 0.004630 
0.008333 0.008333 0.025000 0.141667 0.008333 0.075000 0.008333 0.008333 0.025000 0.041667 0.008333 0.008333 0.008333 0.008333 0.108333 0.008333 0.008333 0.025000 0.025000 0.008333 0.041667 0.025000 0.008333 0.008333 0.008333 0.058333 0.025000 0.008333 0.025000 0.025000 0.025000 0.008333 0.008333 0.008333 0.008333 0.025000 0.008333 0.008333 0.075000 0.025000 
0.007463 0.007463 0.007463 0.007463 0.037313 0.007463 0.037313 0.007463 0.007463 0.007463 0.007463 0.022388 0.007463 0.022388 0.335821 0.007463 0.007463 0.007463 0.007463 0.007463 0.007463 0.007463 0.022388 0.007463 0.007463 0.037313 0.007463 0.022388 0.022388 0.007463 0.007463 0.007463 0.007463 0.022388 0.022388 0.007463 0.007463 0.141791 0.037313 0.022388 
0.009434 0.047170 0.009434 0.009434 0.009434 0.028302 0.009434 0.009434 0.009434 0.009434 0.009434 0.009434 0.028302 0.311321 0.047170 0.009434 0.028302 0.009434 0.028302 0.009434 0.009434 0.009434 0.066038 0.009434 0.009434 0.009434 0.009434 0.028302 0.028302 0.009434 0.009434 0.009434 0.009434 0.009434 0.066038 0.028302 0.009434 0.009434 0.009434 0.009434 
0.008621 0.008621 0.008621 0.043103 0.008621 0.025862 0.008621 0.025862 0.008621 0.008621 0.008621 0.008621 0.008621 0.008621 0.508621 0.008621 0.008621 0.008621 0.008621 0.008621 0.008621 0.025862 0.008621 0.008621 0.008621 0.025862 0.008621 0.008621 0.008621 0.008621 0.008621 0.008621 0.008621 0.008621 0.008621 0.008621 0.008621 0.008621 0.060345 0.008621 
0.013158 0.171053 0.013158 0.013158 0.013158 0.013158 0.013158 0.013158 0.197368 0.039474 0.013158 0.039474 0.013158 0.013158 0.013158 0.013158 0.013158 0.013158 0.013158 0.013158 0.013158 0.013158 0.013158 0.013158 0.013158 0.013158 0.013158 0.013158 0.039474 0.013158 0.013158 0.013158 0.013158 0.013158 0.039474 0.013158 0.013158 0.013158 0.039474 0.013158 
0.005495 0.005495 0.005495 0.005495 0.005495 0.005495 0.005495 0.005495 0.005495 0.005495 0.005495 0.016484 0.005495 0.005495 0.016484 0.005495 0.005495 0.005495 0.005495 0.005495 0.005495 0.005495 0.027473 0.005495 0.005495 0.005495 0.005495 0.005495 0.016484 0.005495 0.005495 0.675824 0.005495 0.005495 0.005495 0.005495 0.005495 0.005495 0.060440 0.005495 
0.013761 0.004587 0.004587 0.004587 0.004587 0.004587 0.004587 0.013761 0.004587 0.004587 0.004587 0.004587 0.013761 0.013761 0.013761 0.004587 0.004587 0.004587 0.004587 0.004587 0.004587 0.004587 0.298165 0.408257 0.013761 0.004587 0.004587 0.004587 0.004587 0.004587 0.004587 0.004587 0.004587 0.004587 0.004587 0.004587 0.004587 0.004587 0.050459 0.022936 
0.004587 0.004587 0.004587 0.004587 0.013761 0.004587 0.004587 0.004587 0.004587 0.004587 0.004587 0.747706 0.004587 0.004587 0.013761 0.004587 0.004587 0.004587 0.004587 0.004587 0.004587 0.013761 0.004587 0.004587 0.004587 0.004587 0.004587 0.004587 0.013761 0.004587 0.004587 0.004587 0.022936 0.004587 0.004587 0.004587 0.004587 0.004587 0.013761 0.013761 
0.028302 0.009434 0.009434 0.028302 0.009434 0.009434 0.084906 0.009434 0.009434 0.028302 0.028302 0.047170 0.009434 0.009434 0.160377 0.009434 0.009434 0.009434 0.009434 0.009434 0.141509 0.009434 0.009434 0.009434 0.009434 0.009434 0.009434 0.009434 0.009434 0.009434 0.028302 0.009434 0.009434 0.047170 0.009434 0.009434 0.066038 0.028302 0.028302 0.009434 
0.008475 0.008475 0.008475 0.042373 0.025424 0.008475 0.008475 0.008475 0.008475 0.364407 0.008475 0.008475 0.008475 0.008475 0.211864 0.008475 0.025424 0.008475 0.008475 0.025424 0.008475 0.008475 0.008475 0.008475 0.008475 0.008475 0.008475 0.008475 0.008475 0.008475 0.008475 0.025424 0.008475 0.008475 0.008475 0.008475 0.008475 0.008475 0.008475 0.008475 
0.007246 0.007246 0.007246 0.007246 0.007246 0.007246 0.007246 0.007246 0.021739 0.007246 0.007246 0.007246 0.007246 0.036232 0.152174 0.007246 0.007246 0.007246 0.007246 0.007246 0.007246 0.007246 0.036232 0.007246 0.007246 0.021739 0.021739 0.007246 0.340580 0.007246 0.007246 0.021739 0.007246 0.007246 0.007246 0.007246 0.007246 0.036232 0.094203 0.007246 
0.006024 0.018072 0.006024 0.006024 0.006024 0.006024 0.006024 0.006024 0.018072 0.006024 0.006024 0.006024 0.006024 0.006024 0.126506 0.006024 0.006024 0.006024 0.042169 0.006024 0.006024 0.006024 0.018072 0.343373 0.006024 0.006024 0.006024 0.006024 0.006024 0.006024 0.006024 0.006024 0.006024 0.006024 0.018072 0.006024 0.006024 0.042169 0.186747 0.006024 
0.014286 0.014286 0.014286 0.042857 0.042857 0.014286 0.014286 0.042857 0.014286 0.014286 0.014286 0.014286 0.014286 0.014286 0.071429 0.014286 0.014286 0.014286 0.014286 0.014286 0.014286 0.014286 0.014286 0.042857 0.014286 0.014286 0.014286 0.014286 0.014286 0.014286 0.014286 0.014286 0.014286 0.014286 0.042857 0.014286 0.014286 0.014286 0.214286 0.042857 
0.033019 0.004717 0.004717 0.004717 0.004717 0.004717 0.004717 0.429245 0.004717 0.070755 0.004717 0.014151 0.004717 0.061321 0.155660 0.004717 0.004717 0.014151 0.004717 0.014151 0.014151 0.004717 0.004717 0.014151 0.004717 0.004717 0.004717 0.004717 0.023585 0.014151 0.004717 0.004717 0.004717 0.004717 0.004717 0.014151 0.004717 0.004717 0.004717 0.004717 
0.023810 0.023810 0.023810 0.007937 0.007937 0.023810 0.214286 0.023810 0.007937 0.007937 0.007937 0.134921 0.023810 0.007937 0.119048 0.007937 0.007937 0.007937 0.023810 0.007937 0.007937 0.007937 0.007937 0.007937 0.007937 0.007937 0.023810 0.007937 0.023810 0.007937 0.007937 0.007937 0.007937 0.039683 0.023810 0.007937 0.007937 0.023810 0.023810 0.023810 
0.011364 0.011364 0.011364 0.011364 0.011364 0.011364 0.011364 0.011364 0.011364 0.079545 0.011364 0.011364 0.011364 0.193182 0.147727 0.011364 0.011364 0.011364 0.011364 0.011364 0.011364 0.011364 0.125000 0.011364 0.011364 0.011364 0.011364 0.056818 0.011364 0.011364 0.011364 0.011364 0.011364 0.011364 0.011364 0.011364 0.011364 0.011364 0.011364 0.011364 
0.021739 0.007246 0.007246 0.007246 0.021739 0.007246 0.007246 0.007246 0.021739 0.079710 0.007246 0.007246 0.021739 0.065217 0.094203 0.007246 0.007246 0.007246 0.007246 0.195652 0.021739 0.007246 0.036232 0.036232 0.007246 0.007246 0.007246 0.007246 0.007246 0.007246 0.036232 0.007246 0.036232 0.007246 0.007246 0.007246 0.007246 0.007246 0.065217 0.065217 
0.100000 0.014286 0.014286 0.014286 0.014286 0.014286 0.042857 0.014286 0.014286 0.100000 0.014286 0.014286 0.014286 0.014286 0.214286 0.014286 0.014286 0.014286 0.014286 0.014286 0.014286 0.014286 0.042857 0.014286 0.014286 0.014286 0.014286 0.014286 0.014286 0.014286 0.014286 0.014286 0.014286 0.014286 0.014286 0.014286 0.014286 0.014286 0.014286 0.014286 
0.013158 0.065789 0.197368 0.013158 0.013158 0.013158 0.118421 0.013158 0.013158 0.013158 0.013158 0.013158 0.039474 0.013158 0.013158 0.013158 0.065789 0.013158 0.013158 0.013158 0.013158 0.013158 0.013158 0.013158 0.013158 0.013158 0.039474 0.013158 0.013158 0.013158 0.013158 0.013158 0.013158 0.039474 0.013158 0.013158 0.013158 0.013158 0.013158 0.013158 
0.020000 0.020000 0.100000 0.020000 0.020000 0.020000 0.020000 0.020000 0.020000 0.020000 0.020000 0.020000 0.020000 0.020000 0.060000 0.020000 0.020000 0.060000 0.020000 0.020000 0.020000 0.020000 0.020000 0.020000 0.020000 0.020000 0.020000 0.020000 0.020000 0.020000 0.020000 0.020000 0.020000 0.020000 0.020000 0.020000 0.060000 0.020000 0.020000 0.020000 
0.028302 0.009434 0.009434 0.009434 0.009434 0.047170 0.028302 0.009434 0.009434 0.009434 0.009434 0.009434 0.009434 0.009434 0.103774 0.009434 0.009434 0.009434 0.009434 0.028302 0.028302 0.028302 0.009434 0.009434 0.028302 0.009434 0.009434 0.009434 0.216981 0.028302 0.028302 0.009434 0.009434 0.009434 0.009434 0.009434 0.009434 0.009434 0.141509 0.009434 
0.012500 0.012500 0.012500 0.012500 0.012500 0.012500 0.012500 0.037500 0.012500 0.037500 0.012500 0.012500 0.012500 0.012500 0.012500 0.012500 0.037500 0.037500 0.012500 0.012500 0.012500 0.037500 0.012500 0.037500 0.062500 0.012500 0.012500 0.262500 0.012500 0.012500 0.012500 0.012500 0.012500 0.012500 0.012500 0.012500 0.012500 0.037500 0.012500 0.037500 
0.198276 0.008621 0.008621 0.008621 0.025862 0.008621 0.008621 0.008621 0.008621 0.008621 0.025862 0.008621 0.008621 0.008621 0.008621 0.008621 0.025862 0.008621 0.025862 0.008621 0.008621 0.008621 0.112069 0.008621 0.025862 0.008621 0.025862 0.008621 0.008621 0.008621 0.008621 0.008621 0.008621 0.008621 0.025862 0.025862 0.025862 0.008621 0.215517 0.008621 
0.033333 0.006667 0.006667 0.006667 0.006667 0.006667 0.020000 0.020000 0.006667 0.006667 0.006667 0.006667 0.006667 0.020000 0.033333 0.006667 0.006667 0.006667 0.020000 0.006667 0.006667 0.006667 0.006667 0.020000 0.033333 0.006667 0.020000 0.020000 0.006667 0.006667 0.006667 0.006667 0.006667 0.020000 0.006667 0.006667 0.500000 0.006667 0.060000 0.006667 
0.010204 0.336735 0.071429 0.010204 0.010204 0.010204 0.030612 0.010204 0.010204 0.010204 0.051020 0.010204 0.010204 0.010204 0.051020 0.010204 0.010204 0.010204 0.030612 0.010204 0.010204 0.010204 0.010204 0.010204 0.010204 0.010204 0.010204 0.010204 0.051020 0.010204 0.010204 0.010204 0.010204 0.030612 0.010204 0.010204 0.010204 0.010204 0.030612 0.010204 
0.017241 0.017241 0.017241 0.017241 0.017241 0.017241 0.051724 0.017241 0.017241 0.017241 0.017241 0.017241 0.017241 0.017241 0.086207 0.017241 0.017241 0.017241 0.017241 0.051724 0.017241 0.017241 0.017241 0.017241 0.017241 0.017241 0.017241 0.017241 0.017241 0.017241 0.017241 0.017241 0.017241 0.017241 0.017241 0.017241 0.051724 0.155172 0.017241 0.017241 
0.006410 0.006410 0.019231 0.006410 0.006410 0.006410 0.019231 0.044872 0.019231 0.006410 0.019231 0.006410 0.006410 0.019231 0.083333 0.044872 0.006410 0.006410 0.006410 0.006410 0.006410 0.006410 0.044872 0.057692 0.006410 0.006410 0.006410 0.006410 0.416667 0.019231 0.006410 0.019231 0.006410 0.006410 0.006410 0.006410 0.006410 0.006410 0.006410 0.006410 
0.014286 0.014286 0.014286 0.042857 0.014286 0.014286 0.014286 0.014286 0.014286 0.014286 0.014286 0.214286 0.014286 0.014286 0.071429 0.014286 0.071429 0.014286 0.014286 0.014286 0.014286 0.014286 0.014286 0.014286 0.071429 0.014286 0.014286 0.014286 0.014286 0.014286 0.014286 0.014286 0.014286 0.014286 0.014286 0.014286 0.014286 0.014286 0.042857 0.014286 
0.005319 0.005319 0.005319 0.005319 0.026596 0.005319 0.005319 0.005319 0.388298 0.005319 0.005319 0.005319 0.005319 0.026596 0.069149 0.005319 0.015957 0.005319 0.015957 0.111702 0.005319 0.015957 0.026596 0.015957 0.005319 0.005319 0.005319 0.005319 0.047872 0.005319 0.037234 0.015957 0.005319 0.026596 0.005319 0.005319 0.005319 0.005319 0.005319 0.026596 
0.011905 0.011905 0.011905 0.011905 0.011905 0.011905 0.011905 0.035714 0.011905 0.035714 0.011905 0.011905 0.011905 0.011905 0.011905 0.011905 0.035714 0.011905 0.011905 0.345238 0.011905 0.011905 0.011905 0.011905 0.011905 0.011905 0.011905 0.011905 0.035714 0.011905 0.011905 0.011905 0.035714 0.011905 0.011905 0.011905 0.011905 0.035714 0.059524 0.011905 
0.009615 0.009615 0.009615 0.009615 0.028846 0.009615 0.009615 0.009615 0.009615 0.009615 0.009615 0.009615 0.009615 0.009615 0.509615 0.009615 0.009615 0.028846 0.048077 0.009615 0.009615 0.009615 0.009615 0.009615 0.009615 0.009615 0.028846 0.009615 0.009615 0.009615 0.009615 0.009615 0.009615 0.009615 0.009615 0.009615 0.009615 0.009615 0.028846 0.009615 
