19,12 7
16,9 4
14,12 3
18,11 3
8,17 3
6,11 2
13,11 2
10,4 2
4,5 2
6,5 2
3,5 2
2,14 2
10,2 2
14,1 2
2,0 2
10,15 2
13,12 2
15,11 2
18,15 2
17,1 2
15,9 2
5,9 2
6,19 2
12,1 2
8,5 2
17,11 2
8,1 2
5,1 2
14,5 2
2,9 2
3,0 2
3,14 2
9,1 2
17,9 2
14,6 2
18,9 2
8,9 2
17,12 1
18,6 1
14,9 1
0,17 1
15,5 1
5,12 1
13,15 1
17,5 1
11,9 1
13,6 1
5,19 1
18,8 1
6,12 1
17,14 1
18,19 1
7,14 1
16,0 1
3,2 1
7,11 1
10,9 1
10,8 1
0,5 1
11,12 1
2,11 1
18,12 1
14,19 1
0,14 1
13,9 1
10,11 1
13,19 1
0,12 1
7,12 1
4,8 1
2,1 1
10,5 1
14,11 1
18,4 1
10,0 1
10,18 1
16,2 1
13,1 1
7,9 1
7,0 1
4,0 1
11,1 1
2,12 1
16,17 1
8,15 1
18,5 1
10,14 1
2,17 1
7,6 1
3,6 1
0,6 1
0,11 1
13,17 1
13,0 1
13,18 1
3,11 1
10,3 1
8,14 1
2,7 1
7,17 1
4,11 1
4,15 1
18,7 1
4,16 1
4,9 1
4,19 0
16,3 0
4,3 0
17,19 0
4,12 0
10,12 0
2,15 0
13,16 0
8,2 0
13,5 0
2,5 0
15,12 0
3,15 0
4,1 0
13,14 0
16,19 0
8,0 0
6,1 0
8,7 0
16,5 0
8,12 0
18,3 0
7,19 0
2,6 0
15,14 0
3,9 0
16,11 0
11,5 0
18,2 0
4,7 0
8,16 0
10,16 0
10,17 0
16,12 0
8,6 0
0,19 0
13,8 0
7,5 0
16,14 0
3,1 0
15,1 0
4,14 0
4,2 0
13,7 0
3,7 0
0,15 0
3,19 0
18,17 0
13,4 0
13,10 0
4,17 0
10,1 0
18,1 0
0,9 0
17,15 0
17,6 0
8,19 0
15,6 0
10,6 0
2,19 0
19,1 0
18,14 0
3,12 0
7,15 0
11,19 0
16,1 0
7,1 0
18,16 0
8,11 0
13,3 0
4,6 0
18,0 0
10,19 0
6,9 0
16,7 0
0,1 0
10,7 0
8,3 0
19,9 0
15,19 0
13,2 0
16,6 0
16,15 0
12,9 0
3,17 0
